150, -80, 300
40
80
31
Copernicus
480.628
368.385
527.454
352.804
181.628
211.105
303.743
119.286
351.445
377.562
222.951
314.225
389.226
486.43
450.326
363.742
534.757
307.144
465.411
531.58
521.126
474.845
573.659
694.098
709.272
730.269
728.371
716.563
651.794
618.847
693.935
Montes
707.54
637.604
598.838
642.813
584.478
633.763
504.068
549.224
498.199
502.17
530.254
528.23
511.83
509.062
440.328
498.704
498.726
460.845
462.358
489.251
521.067
518.031
532.201
597.08
529.639
475.647
484.541
539.39
537.706
513.279
573.729
Ptolem
238.278
484.548
324.77
402.368
359.734
418.765
709.314
412.666
397.118
346.536
504.619
402.631
268.155
357.479
470.606
221.596
248.899
280.412
358.139
284.269
154.106
454.142
721.178
378.702
505.964
724.824
636.643
567.491
657.689
480.204
476.434
Albat
374.663
616.641
389.08
666.344
532.613
447.415
396.107
619.149
721.416
395.729
539.727
517.252
774.73
538.13
716.548
616.721
678.072
349.064
320.744
500.992
304.381
339.397
455.324
262.252
492.129
567.035
542.07
477.733
551.161
575.676
729.705
Lacus
703.96
571.079
719.267
534.491
518.801
609.45
615.167
472.542
394.66
558.426
439.675
375.627
413.216
408.325
358.703
341.584
460.609
329.159
291.018
270.55
286.394
244.501
269.315
120.275
276.886
238.911
150.076
159.604
118.445
244.461
259.136
Theophilus
1553.773
1285.966
850.781
573.592
1286.911
646.853
716.842
675.754
1163.761
635.659
893.148
775.355
454.822
952.259
514.124
826.317
847.855
516.146
520.886
579.224
531.917
543.824
939.113
435.355
979.402
378.501
443.301
457.611
371.961
654.839
903.162
Luna21
1160.73
1105.556
1072.17
1091.92
1033.658
1010.322
988.483
965.477
891.109
966.082
872.167
868.244
901.382
774.564
827.162
813.503
791.438
754.769
812.784
745.681
741.519
639.143
593.746
531.956
540.544
468.981
469.018
514.085
390.916
378.497
372.8
Amoris
1263.914
1221.484
1188.147
1234.734
1172.851
1160.803
1100.269
1110.922
1058.604
1139.713
1047.825
1047.702
1038.72
994.012
974.342
934.905
889.181
907.207
945.451
849.047
791.175
787.132
787.288
667.387
565.883
691.002
604.834
695.406
591.249
617.355
537.831
